200,10,10
220,10,10
240,10,10
260,10,10
280,10,10
300,10,10
320,10,10
340,10,10
360,10,10
380,10,10
200,30,10
220,30,10
240,30,10
260,30,10
280,30,10
300,30,10
320,30,10
340,30,10
360,30,10
380,30,10
200,50,10
220,50,10
240,50,10
260,50,10
280,50,10
300,50,10
320,50,10
340,50,10
360,50,10
380,50,10
200,70,10
220,70,10
240,70,10
260,70,10
280,70,10
300,70,10
320,70,10
340,70,10
360,70,10
380,70,10
200,90,10
220,90,10
240,90,10
260,90,10
280,90,10
300,90,10
320,90,10
340,90,10
360,90,10
380,90,10
