676.15,237.91000000000003,0
676.15,237.91000000000003,100
676.15,237.91000000000003,200
676.15,237.91000000000003,300
676.15,237.91000000000003,400
778.65,181.70000000000005,0
778.65,181.70000000000005,100
778.65,181.70000000000005,200
778.65,181.70000000000005,300
778.65,181.70000000000005,400
574.62,179.90999999999997,0
574.62,179.90999999999997,100
574.62,179.90999999999997,200
574.62,179.90999999999997,300
574.62,179.90999999999997,400
595.53,296.38,0
595.53,296.38,100
595.53,296.38,200
595.53,296.38,300
595.53,296.38,400
509.9,376.65,0
509.9,376.65,100
509.9,376.65,200
509.9,376.65,300
509.9,376.65,400
625.3199999999999,392.42,0
625.3199999999999,392.42,100
625.3199999999999,392.42,200
625.3199999999999,392.42,300
625.3199999999999,392.42,400
673.94,500.0,0
673.94,500.0,100
673.94,500.0,200
673.94,500.0,300
673.94,500.0,400
724.36,393.28,0
724.36,393.28,100
724.36,393.28,200
724.36,393.28,300
724.36,393.28,400
840.0,379.53,0
840.0,379.53,100
840.0,379.53,200
840.0,379.53,300
840.0,379.53,400
755.74,297.8,0
755.74,297.8,100
755.74,297.8,200
755.74,297.8,300
755.74,297.8,400
