157.313 -274.717
110.08999999999999 -315.847
157.313 -274.717
110.08999999999999 -315.847
48.05399999999999 -257.389
110.08999999999999 -315.847
48.05399999999999 -257.389
15.0 -178.778
48.05399999999999 -257.389
15.0 -178.778
94.193 -85.01599999999999
15.0 -178.778
37.388875 -117.314
94.193 -85.01599999999999
100.345 -76.37599999999999
100.345 -76.37599999999999
91.704 -70.22399999999999
91.704 -70.22399999999999
26.334 -107.332
91.704 -70.22399999999999
26.334 -107.332
0.0 -178.778
26.334 -107.332
0.0 -178.778
36.229 -266.616
0.0 -178.778
36.229 -266.616
99.988 -327.06899999999996
36.229 -266.616
99.988 -327.06899999999996
89.382 -344.414
99.988 -327.06899999999996
89.382 -344.414
89.382 -344.414
89.238 -351.995
89.238 -351.995
95.78 -355.827
95.78 -355.827
102.593 -355.827
95.78 -355.827
102.593 -355.827
102.593 -355.827
102.593 -462.5
102.593 -355.827
102.593 -409.1635
102.593 -462.5
102.593 -462.5
110.093 -470.0
110.093 -470.0
117.593 -462.5
117.593 -462.5
117.593 -355.827
117.593 -462.5
117.593 -409.1635
117.593 -355.827
117.593 -355.827
124.405 -355.827
117.593 -355.827
124.405 -355.827
124.405 -355.827
131.905 -348.327
131.905 -348.327
124.405 -340.827
124.405 -340.827
109.158 -340.827
124.405 -340.827
109.158 -340.827
109.158 -340.827
115.646 -330.217
109.158 -340.827
115.646 -330.217
115.646 -330.217
168.298 -284.935
115.646 -330.217
168.298 -284.935
167.916 -274.335
167.916 -274.335
157.313 -274.717
82.641 -103.533
30.0 -178.778
82.641 -103.533
30.0 -178.778
37.5 -186.278
37.5 -186.278
45.0 -178.778
45.0 -178.778
87.795 -117.61999999999999
45.0 -178.778
87.795 -117.61999999999999
92.262 -107.99999999999999
92.262 -107.99999999999999
82.641 -103.533
443.666 -107.332
378.296 -70.22399999999999
443.666 -107.332
378.296 -70.22399999999999
369.655 -76.37599999999999
369.655 -76.37599999999999
375.80699999999996 -85.01599999999999
375.80699999999996 -85.01599999999999
455.0 -178.778
375.80699999999996 -85.01599999999999
432.611125 -117.31400000000001
455.0 -178.778
421.946 -257.389
455.0 -178.778
421.946 -257.389
359.91 -315.847
421.946 -257.389
359.91 -315.847
312.687 -274.717
359.91 -315.847
312.687 -274.717
302.087 -274.335
302.087 -274.335
301.704 -284.935
301.704 -284.935
349.802 -327.071
301.704 -284.935
349.802 -327.071
339.197 -344.415
349.802 -327.071
339.197 -344.415
339.197 -344.415
339.053 -351.99600000000004
339.053 -351.99600000000004
345.59499999999997 -355.82800000000003
345.59499999999997 -355.82800000000003
352.407 -355.82800000000003
345.59499999999997 -355.82800000000003
352.407 -355.82800000000003
352.407 -355.82800000000003
352.40799999999996 -462.50100000000003
352.407 -355.82800000000003
352.40749999999997 -409.16450000000003
352.40799999999996 -462.50100000000003
352.40799999999996 -462.50100000000003
359.90799999999996 -470.00100000000003
359.90799999999996 -470.00100000000003
367.40799999999996 -462.50100000000003
367.40799999999996 -462.50100000000003
367.407 -355.82800000000003
367.40799999999996 -462.50100000000003
367.40749999999997 -409.16450000000003
367.407 -355.82800000000003
367.407 -355.82800000000003
374.21999999999997 -355.82800000000003
367.407 -355.82800000000003
374.21999999999997 -355.82800000000003
374.21999999999997 -355.82800000000003
381.71999999999997 -348.32800000000003
381.71999999999997 -348.32800000000003
374.21999999999997 -340.82800000000003
374.21999999999997 -340.82800000000003
358.97299999999996 -340.82800000000003
374.21999999999997 -340.82800000000003
358.97299999999996 -340.82800000000003
358.97299999999996 -340.82800000000003
365.465 -330.21000000000004
358.97299999999996 -340.82800000000003
365.465 -330.21000000000004
365.465 -330.21000000000004
433.77099999999996 -266.61800000000005
365.465 -330.21000000000004
433.77099999999996 -266.61800000000005
470.0 -178.778
433.77099999999996 -266.61800000000005
470.0 -178.778
443.666 -107.332
470.0 -178.778
320.944 -230.968
363.332 -128.332
320.944 -230.968
352.53675000000004 -178.1755
363.332 -128.332
235.0 -0.0
363.332 -128.332
353.231171875 -78.426984375
325.702125 -37.629875
284.905015625 -10.100828125
235.0 -0.0
106.668 -128.332
235.0 -0.0
185.09498437500002 -10.100828125
144.29787500000003 -37.629875
116.768828125 -78.426984375
106.668 -128.332
149.056 -230.968
106.668 -128.332
117.46287500000001 -178.175125
149.056 -230.968
224.885 -302.626
149.056 -230.968
184.160625 -269.29825
224.885 -302.626
211.74599999999998 -324.114
224.885 -302.626
211.74599999999998 -324.114
211.74599999999998 -324.114
211.60199999999998 -331.695
211.60199999999998 -331.695
218.14399999999998 -335.527
218.14399999999998 -335.527
227.49999999999997 -335.527
218.14399999999998 -335.527
227.49999999999997 -335.527
227.49999999999997 -335.527
227.49999999999997 -462.5
227.49999999999997 -335.527
227.49999999999997 -399.0135
227.49999999999997 -462.5
227.49999999999997 -462.5
234.99999999999997 -470.0
234.99999999999997 -470.0
242.49999999999997 -462.5
242.49999999999997 -462.5
242.49999999999997 -335.527
242.49999999999997 -462.5
242.49999999999997 -399.0135
242.49999999999997 -335.527
242.49999999999997 -335.527
251.85699999999997 -335.527
242.49999999999997 -335.527
251.85699999999997 -335.527
251.85699999999997 -335.527
259.35699999999997 -328.027
259.35699999999997 -328.027
251.85699999999997 -320.527
251.85699999999997 -320.527
231.51999999999998 -320.527
251.85699999999997 -320.527
231.51999999999998 -320.527
231.51999999999998 -320.527
240.558 -305.746
231.51999999999998 -320.527
240.558 -305.746
240.558 -305.746
320.944 -230.968
240.558 -305.746
283.73337499999997 -271.267
160.882 -221.74
121.668 -128.332
160.882 -221.74
131.65475 -173.29375
121.668 -128.332
235.0 -15.0
121.668 -128.332
137.16348148148148 -71.17540740740742
177.84385185185184 -30.495259259259257
235.0 -15.0
348.332 -128.332
235.0 -15.0
292.15614814814813 -30.49525925925926
332.8365185185185 -71.17540740740739
348.332 -128.332
309.118 -221.74
348.332 -128.332
338.34525 -173.29375
309.118 -221.74
235.0 -291.396
309.118 -221.74
274.812625 -259.092125
235.0 -291.396
160.882 -221.74
235.0 -291.396
195.18737500000003 -259.0925
144.168 -135.819
151.668 -128.32
151.668 -128.32
235.0 -45.0
151.668 -128.32
176.10762499999998 -69.431375
235.0 -45.0
242.5 -37.5
242.5 -37.5
235.0 -30.0
235.0 -30.0
136.668 -128.31799999999998
235.0 -30.0
185.41362962962967 -43.44251851851851
150.11770370370368 -78.73348148148146
136.668 -128.31799999999998
144.168 -135.819
144.168 -135.819
144.168 -135.819
144.168 -135.819
144.168 -135.819
156.799 -155.297
147.226 -150.73
147.226 -150.73
142.659 -160.303
142.659 -160.303
172.708 -212.512
142.659 -160.303
172.708 -212.512
178.626 -215.399
178.626 -215.399
183.235 -213.812
183.235 -213.812
184.53400000000002 -203.28500000000003
184.53400000000002 -203.28500000000003
156.799 -155.297
184.53400000000002 -203.28500000000003
