40.0 -250.0
460.0 -250.0
460.0 -250.0
453.8977816594709 -300.25628950038714
435.9457653871741 -347.59186612919143
407.18725711593123 -389.255758230567
369.2935968135427 -422.8266118376679
324.46702627893245 -446.3534109639371
275.31270285361785 -458.46886356059133
224.6872971463822 -458.46886356059133
175.5329737210675 -446.3534109639371
130.7064031864573 -422.8266118376679
92.81274288406874 -389.255758230567
64.05423461282595 -347.59186612919143
46.10221834052908 -300.2562895003871
40.0 -250.00000000000003
46.10221834052905 -199.74371049961294
64.05423461282587 -152.4081338708087
92.8127428840688 -110.74424176943299
130.70640318645724 -77.17338816233217
175.53297372106746 -53.64658903606292
224.68729714638204 -41.53113643940867
275.31270285361785 -41.53113643940867
324.46702627893245 -53.64658903606289
369.29359681354265 -77.17338816233212
407.1872571159312 -110.74424176943293
435.9457653871741 -152.40813387080863
453.8977816594709 -199.74371049961286
460.0 -249.99999999999994
460.0 -250.0
40.0 -250.0
460.0 -250.0
453.8977816594709 -300.25628950038714
435.9457653871741 -347.59186612919143
407.18725711593123 -389.255758230567
369.2935968135427 -422.8266118376679
324.46702627893245 -446.3534109639371
275.31270285361785 -458.46886356059133
224.6872971463822 -458.46886356059133
175.5329737210675 -446.3534109639371
130.7064031864573 -422.8266118376679
92.81274288406874 -389.255758230567
64.05423461282595 -347.59186612919143
46.10221834052908 -300.2562895003871
40.0 -250.00000000000003
46.10221834052905 -199.74371049961294
64.05423461282587 -152.4081338708087
92.8127428840688 -110.74424176943299
130.70640318645724 -77.17338816233217
175.53297372106746 -53.64658903606292
224.68729714638204 -41.53113643940867
275.31270285361785 -41.53113643940867
324.46702627893245 -53.64658903606289
369.29359681354265 -77.17338816233212
407.1872571159312 -110.74424176943293
435.9457653871741 -152.40813387080863
453.8977816594709 -199.74371049961286
460.0 -249.99999999999994
